pi=3.141686840	N=200000000	T=2	t=0.773s
pi=3.141686840	N=200000000	T=2	t=0.751s
