pi=3.141720080	N=200000000	t=1.506s
pi=3.141720080	N=200000000	t=1.457s
