pi=3.141686840	N=200000000	P=2	t=0.767s
pi=3.141686840	N=200000000	P=2	t=0.747s
