pi=3.141707480	N=200000000	T=4	t=0.379s
pi=3.141707480	N=200000000	T=4	t=0.360s
