pi=3.141602420	N=200000000	P=8	t=0.200s
pi=3.141602420	N=200000000	P=8	t=0.190s
