pi=3.141686840	N=200000000	T=2	t=0.738s
pi=3.141686840	N=200000000	T=2	t=0.702s
