pi=3.141707480	N=200000000	P=4	t=0.394s
pi=3.141707480	N=200000000	P=4	t=0.374s
