pi=3.141792440	N=200000000	T=1	t=1.431s
pi=3.141792440	N=200000000	T=1	t=1.380s
