pi=3.141707480	N=200000000	T=4	t=0.395s
pi=3.141707480	N=200000000	T=4	t=0.402s
