pi=3.141602420	N=200000000	T=8	t=0.206s
pi=3.141602420	N=200000000	T=8	t=0.190s
