pi=3.141792440	N=200000000	P=1	t=1.499s
pi=3.141792440	N=200000000	P=1	t=1.483s
