pi=3.141601252	N=200000000	L=0.500	ell=1.000	t=9.288s
pi=3.141601252	N=200000000	L=0.500	ell=1.000	t=9.054s
