pi=3.141641570	N=200000000	T=1	L=0.500	ell=1.000	t=9.508s
pi=3.141641570	N=200000000	T=1	L=0.500	ell=1.000	t=8.899s
