pi=3.141248155	N=200000000	T=2	L=0.500	ell=1.000	t=4.844s
pi=3.141248155	N=200000000	T=2	L=0.500	ell=1.000	t=4.643s
