pi=3.141641570	N=200000000	P=1	L=0.500	ell=1.000	t=9.361s
pi=3.141641570	N=200000000	P=1	L=0.500	ell=1.000	t=8.707s
