pi=3.141162163	N=200000000	T=4	L=0.500	ell=1.000	t=2.460s
pi=3.141162163	N=200000000	T=4	L=0.500	ell=1.000	t=2.415s
