pi=3.141029804	N=200000000	P=8	L=0.500	ell=1.000	t=1.318s
pi=3.141029804	N=200000000	P=8	L=0.500	ell=1.000	t=1.312s
