pi=3.141248155	N=200000000	P=2	L=0.500	ell=1.000	t=4.747s
pi=3.141248155	N=200000000	P=2	L=0.500	ell=1.000	t=4.554s
