pi=3.141029804	N=200000000	T=8	L=0.500	ell=1.000	t=1.329s
pi=3.141029804	N=200000000	T=8	L=0.500	ell=1.000	t=1.269s
