pi=3.141162163	N=200000000	P=4	L=0.500	ell=1.000	t=2.475s
pi=3.141162163	N=200000000	P=4	L=0.500	ell=1.000	t=2.371s
